2.343807582907291576e-01,-1.248809523385167042e-01,9.640904562778782605e-01,9.287661533534481428e-01,-2.641726919232577075e-01,-2.600119636229435427e-01,-2.871569127290899415e-01,-9.563563857605829055e-01,-5.406820587788323251e-02
3.265525435967611689e-01,-7.341919516030148696e-02,9.423232237679913803e-01,-4.757452025100780135e-01,8.487107931837389874e-01,2.309902418330133655e-01,8.167190083248522248e-01,5.237362039380540901e-01,-2.422198384225102696e-01
1.675455067601092918e-01,4.833927572746421486e-01,8.592205452495402795e-01,5.361226531872779200e-01,6.867292658363554070e-01,-4.908924690635348420e-01,-8.273457583767089840e-01,5.428944258861743144e-01,-1.440994047100448427e-01
3.405478904688146180e-01,8.114187520253278718e-01,4.750018349005615259e-01,3.316532143225788265e-01,3.690587063156584025e-01,-8.682176090831804638e-01,-8.797916115346529065e-01,4.532055605950493504e-01,-1.434274733758682530e-01
5.019062997021195294e-01,6.409516445632228443e-01,5.807504245810118926e-01,-3.390864282702458210e-01,-4.718811096368412672e-01,8.138480279086693914e-01,7.956823866859527028e-01,-6.054000393951119996e-01,-1.950209778827385193e-02
5.214297796831446341e-01,5.967437661856594966e-01,6.099244726834154307e-01,-5.402317385387449544e-01,-3.224189904615439306e-01,7.773002401036319675e-01,6.605003054768351367e-01,-7.348080511999813824e-01,1.542610591066123638e-01
-1.090959310878745619e-01,-2.981333598580357958e-01,-9.482692537248209597e-01,8.070778196103214341e-01,5.303220682746329073e-01,-2.595840846314845241e-01,-5.802787872334466135e-01,7.936466491082003749e-01,-1.827608422124543663e-01
-1.018299055554121174e-01,1.471702388783570070e-01,9.838554726803442341e-01,4.914835916574756824e-01,8.673083603129361219e-01,-7.886752983803935191e-02,-8.649130300013079253e-01,4.755177482700026492e-01,-1.606496860071091048e-01
-2.924695482437240923e-02,5.475475203411228620e-02,9.980714066454284827e-01,-3.284779178993229021e-01,9.425182055396353897e-01,-6.133261513152574174e-02,-9.440587233249989607e-01,-3.296382097937510247e-01,-9.580060435307347078e-03
-5.295598021632875324e-02,-2.187284507294773306e-01,-9.743477454178308683e-01,-8.575096925832724759e-01,5.099705666069953569e-01,-6.787597749042989514e-02,-5.117350792012103078e-01,-8.319181967213015172e-01,2.145677577803994651e-01
-1.048064229383853380e-01,1.399439709771145846e-01,9.845970235065796272e-01,9.040992763212095662e-01,4.258274806287176695e-01,3.571351700497069070e-02,-4.142705785671068619e-01,8.939164623881560301e-01,-1.711526979194860076e-01
-1.355969579713599271e-01,-2.880931868857218581e-02,9.903451358721429010e-01,9.852323040977752910e-01,1.015594730770583709e-01,1.378512981095893764e-01,1.045503321424752080e-01,-9.944122367433991805e-01,-1.461271582860621844e-02
-1.563618036494945351e-01,-4.126815562321885927e-03,-9.876912249042162362e-01,-9.866932135969936901e-01,4.578869594554839384e-02,1.560124916961562469e-01,4.458125840657711086e-02,9.989426233357552309e-01,-1.123150399391372421e-02
1.886376085009484893e-01,4.882670963149605692e-01,8.520628470454510994e-01,3.096821818506841351e-01,7.937948077279396442e-01,-5.234374360593281317e-01,9.319403408498007080e-01,-3.626086676850408530e-01,1.468065542446415862e-03
-2.338927313356624627e-01,-4.436035490815523619e-01,-8.651647712838259618e-01,3.661165603403437330e-01,7.841617878104928385e-01,-5.010478567785787707e-01,9.006957613272634777e-01,-4.339426019418963776e-01,-2.099913681554575404e-02
-2.737993245851654267e-01,-2.147631109550886819e-01,-9.375023925460664875e-01,-7.085782598298847601e-01,-6.140701625074599379e-01,3.476128381037062454e-01,6.503466610609757170e-01,-7.594699741865729159e-01,-1.595552430623625034e-02
2.485188973238917076e-01,-1.297670267630640986e-02,9.685401193861653546e-01,-9.532284223134324108e-01,-1.808612723444546488e-01,2.421668331126078377e-01,1.720288713174668860e-01,-9.834230042833023155e-01,-5.731720579060613913e-02
1.251202118204975955e-01,4.439208694171334346e-02,9.911479582842073199e-01,9.807328113848523543e-01,1.455298526524770875e-01,-1.303235000301633251e-01,-1.500269484697916433e-01,9.883574275553894672e-01,-2.532805023950391102e-02
-5.736337861915322134e-02,6.340632530098604114e-02,-9.963378346249938122e-01,3.864108813602668002e-01,-9.187878811188199268e-01,-8.071840109647468453e-02,9.205411851513095600e-01,3.896260610136532687e-01,-2.820388305193855319e-02
1.430446582364062469e-01,-8.101412693855274127e-02,9.863949193839216534e-01,2.445057999317899466e-01,-9.628591734484844844e-01,-1.145387528560390250e-01,-9.590386538350501588e-01,-2.575634355697355993e-01,1.179234374828406623e-01
-2.782657473091761924e-01,6.192637671754613882e-02,-9.585057630192435063e-01,-9.347455437911895704e-01,2.120975063745255684e-01,2.850708967120661463e-01,-2.209500899229935866e-01,-9.752844567900921247e-01,1.134066433859369418e-03
2.580930260777589691e-01,9.178966732700549747e-02,9.617497839157662654e-01,8.842159533138270744e-01,-4.235656945210751756e-01,-1.968609924037756642e-01,3.892944101773686549e-01,9.012029512806074560e-01,-1.904812400415792084e-01
6.361452697809158452e-02,-6.601345264214576736e-02,9.957888410841011506e-01,2.183778567909223367e-01,9.745487260420998554e-01,5.065463683734872796e-02,9.737886339554170378e-01,-2.142358621706072774e-01,-7.641133253163075179e-02
-6.264668928746040810e-02,1.997961226513214616e-01,-9.778327575280031381e-01,2.393581112772208419e-01,-9.481553666939659397e-01,-2.090672025336184903e-01,9.689081932191110358e-01,2.471495700642216131e-01,-1.157597209518271102e-02
2.897794609115939848e-04,9.982154147790146814e-02,-9.950053145008018740e-01,2.499525722000416617e-01,-9.634292044624229723e-01,-9.658094863629425320e-02,9.682580377556633255e-01,2.486761505369567693e-01,2.522983304887023090e-02
-1.935333574144261215e-01,4.250717018338742714e-02,-9.801724236331590401e-01,-9.525946392899354853e-01,-2.471921969402033625e-01,1.773681791301736643e-01,-2.347515554026804452e-01,9.680336555383166619e-01,8.833203824856543374e-02
-3.079839514124341759e-01,-1.881603925140733213e-02,-9.512054679927323120e-01,-9.387839089114803359e-01,-1.562168382138367506e-01,3.070522298035846531e-01,-1.543718175097538170e-01,9.875435464450980083e-01,3.044808423158636840e-02
-7.817643707752608417e-02,-2.599731580162371533e-02,-9.966005138755318349e-01,6.334195649679316142e-01,-7.732453877587976976e-01,-2.951652123104252581e-02,-7.698494004684938163e-01,-6.335737604106226328e-01,7.691677786701128783e-02
-8.124861711441892786e-02,4.634746635413425353e-02,-9.956156761419272527e-01,3.331856957852725176e-01,-9.401874049463049277e-01,-7.095728084148561488e-02,-9.393540090621207428e-01,-3.374900827326426933e-01,6.094661365519476320e-02
6.867691382889994436e-03,1.666889131538619173e-01,9.859856190871412185e-01,-4.769044901295755867e-01,-8.661055609376466791e-01,1.497439968984859981e-01,-8.789282917902453418e-01,4.712493645029864897e-01,-7.354654544037109165e-02
1.916632052605876935e-01,4.907446560251774170e-01,8.499617040384631617e-01,-1.759395571471470132e-01,-8.348090081062679024e-01,5.216696197935000168e-01,9.655622652010090734e-01,-2.495267572172560622e-01,-7.366077282066058052e-02
-1.919618321002530548e-01,-4.328871684845944090e-01,-8.807720217957111242e-01,-3.958650232725572371e-01,8.553669129765304469e-01,-3.341232220819419507e-01,-8.980209008514957736e-01,-2.845279310478870949e-01,3.355626887594578278e-01
8.180060612320763647e-02,-3.114315100357903376e-01,-9.467412927482901086e-01,-9.965381595617474053e-01,-3.970662899040744431e-02,-7.304163300134897119e-02,-1.484443919996495005e-02,9.494386753082294517e-01,-3.136014101591268477e-01
1.841666949489081939e-02,2.989430121269580631e-01,9.540932353733453386e-01,2.179235381500420898e-01,9.301122942020942919e-01,-2.956356739202558037e-01,9.757920668897052119e-01,-2.133639980750688392e-01,4.801714819248301819e-02
4.219541372417180691e-02,3.376013469449193338e-01,9.403429574371372501e-01,-1.118218815683334894e-01,9.368635647914539399e-01,-3.313344651085461390e-01,9.928320169410147500e-01,9.117012398381978133e-02,-7.728256355486248785e-02
-1.093261184260036351e-01,3.573417858596893981e-01,9.275530431778612472e-01,3.874429772102211955e-01,-8.440229811186703568e-01,3.708276510105920631e-01,9.153882997069516803e-01,3.999150602592521642e-01,-4.617580900704697927e-02
-2.619717798167470191e-01,2.846907261184152688e-02,9.646555335892017524e-01,-8.437998530709057976e-02,9.950611349886893109e-01,-5.228150451734304982e-02,9.613796360747510761e-01,9.509389854056614355e-02,2.582757166307655949e-01
2.686793218688409146e-01,-1.090706024626957593e-01,-9.570344955530729614e-01,-2.559231065741673916e-01,9.497738995157977149e-01,-1.800913749183537249e-01,9.286090595732563457e-01,2.933140696880742193e-01,2.272709198324600888e-01
2.385279569808333722e-01,-3.522437914677533088e-01,-9.050020580700200989e-01,2.043362029303220917e-01,-8.928345751600008651e-01,4.013640960161731774e-01,-9.493951389756365433e-01,-2.806612420183515200e-01,-1.409898482804643194e-01
-2.134212892418050622e-01,4.317770580601063002e-01,8.763674602764101040e-01,-1.470534736685846777e-01,-9.010124870233721106e-01,4.081075521354147195e-01,9.658295031631457528e-01,-4.177403931770407725e-02,2.557895628416341216e-01
-2.515135845141857063e-01,4.499720148959804877e-01,8.568932854301496427e-01,1.461697641311769380e-01,8.928588392585314892e-01,-4.259548018413962245e-01,9.567524846367847502e-01,-1.811847036475506753e-02,2.903384304100645186e-01
8.442268675184806670e-02,-2.011358226252241699e-01,-9.759186394461748515e-01,4.439164583673041453e-01,-8.692573020721245936e-01,2.175544087921915115e-01,8.920823885450428481e-01,4.515928737825309347e-01,-1.590246511099224769e-02
2.997204333695415723e-01,-3.760010342472624445e-01,8.768072103180735155e-01,3.203192512515068979e-01,-8.260457977949041686e-01,-4.637282795161984938e-01,8.986452242673121926e-01,4.198470700033148928e-01,-1.271424347383021125e-01
1.972033360113759626e-01,8.065010523506484230e-02,-9.770396127033731393e-01,-1.808794141636201058e-01,9.824938603820017047e-01,4.459206031904382195e-02,-9.635317751884520110e-01,-1.679326497059003553e-01,-2.083390106651785145e-01
-1.433715462292053378e-01,4.963708557087959106e-01,8.561895662379711558e-01,2.135370015577274516e-01,8.602646317029410961e-01,-4.629759306991445000e-01,9.663573607613191729e-01,-1.164505776882258092e-01,2.293310146022480567e-01
-1.110799267239284960e-01,-6.595260676102272512e-01,-7.434289582882794845e-01,6.785178629177601728e-02,7.412798772406378189e-01,-6.677576496717352317e-01,-9.914925037417186005e-01,1.246174535957731283e-01,3.759129265246822366e-02
-4.137195816045884378e-01,3.323126447195013516e-02,9.097976647906502734e-01,5.096446183143135134e-01,8.365291598089669156e-01,2.011997212039874361e-01,7.543861549764697694e-01,-5.469137480909584959e-01,3.630246290941128162e-01
-5.045297571409353976e-01,-2.606371334095599485e-02,8.630008151828069130e-01,7.927337101505197436e-01,-4.100143440123886207e-01,4.510670709496341635e-01,-3.420862302845593672e-01,-9.117065978432814521e-01,-2.275260215859459256e-01
-5.244595398039169076e-01,-1.112945834656950961e-01,8.441301480221289344e-01,-8.079533401765509604e-01,3.778303835384362874e-01,-4.521676695350435593e-01,-2.686142051460011504e-01,-9.191614205167638607e-01,-2.880775795291722341e-01
1.309714832681889707e-01,1.672296249224724252e-01,-9.771799850175094670e-01,9.913582947493794206e-01,-2.947896369407915565e-02,1.278269225598665237e-01,7.429804986231557280e-03,9.854771652594558340e-01,1.696453793949430355e-01
5.512835711795213145e-01,-3.571372475207505448e-01,7.540155240980491724e-01,-6.958675605487122384e-01,3.017595981773992797e-01,6.516973861262590484e-01,4.602768322689486657e-01,8.839650057220121981e-01,8.216511629241210479e-02
-5.275174632549236575e-01,4.131026259964832303e-01,-7.423419335831026311e-01,3.033623479055059247e-01,-7.246044439309081708e-01,-6.188050466090577739e-01,7.935342537246574679e-01,5.516290603570378481e-01,-2.569217155774537464e-01
-2.584793434269832546e-01,2.179773260238369592e-01,-9.411027119082457926e-01,1.206878834165782677e-01,9.738633722248870583e-01,1.924176889872601381e-01,-9.584481539540791184e-01,6.384369646464349568e-02,2.780307871508987949e-01
-1.840910771466457707e-01,4.026428815456784549e-01,-8.966544402698181093e-01,-1.901889403023097891e-01,-9.095968755684015195e-01,-3.694072156075006719e-01,9.643332630899299485e-01,-1.025291855853493472e-01,-2.440268915540514116e-01
-2.578852054403531491e-01,6.606514064685606868e-01,-7.050070495719169550e-01,-9.421507032238028712e-02,-7.434059994144359695e-01,-6.621714585806101061e-01,9.615709757158520388e-01,1.043419338796069129e-01,-2.539567276035977206e-01
1.827607726179567293e-01,-7.478204361882213602e-01,6.382500256258087923e-01,-1.798582340784693756e-01,-6.636595210534361744e-01,-7.260902531705666352e-01,9.665658361571972668e-01,1.790629315022481197e-02,-2.557925898835933798e-01
1.173344675839501500e-02,-3.285381320763334223e-01,9.444178217287947374e-01,-1.761623006974857505e-02,-9.444041741393680578e-01,-3.283145204011980733e-01,9.997759722384298442e-01,-1.278482068440980196e-02,-1.686871941701242536e-02
-1.766914746399190703e-02,-4.576081066454200097e-01,8.889784147887336285e-01,-1.007904723111711642e-01,8.854033247826970099e-01,4.537645128864050692e-01,-9.947507637188256480e-01,-8.158292220887633506e-02,-6.176685911290685088e-02
1.229757166467071727e-01,-7.648455365745737700e-01,6.323672021042694436e-01,4.965676915688931742e-02,6.411479187324042872e-01,7.658090829847904457e-01,-9.911665744929699651e-01,-6.277460861733258346e-02,1.168253830330229365e-01
9.009980608424162513e-03,-6.467564720523707456e-01,7.626433544638064888e-01,8.275438099554906224e-02,-7.595758355142083751e-01,-6.451327479898506523e-01,-9.965292432615709961e-01,-6.892471226826935027e-02,-4.667816795094845150e-02
-2.060774502210459269e-01,-3.366289067860667172e-01,9.188106788813512615e-01,-8.131293383659352059e-02,-9.298265215663306105e-01,-3.589022799910079331e-01,9.751514196786456035e-01,-1.486728586793017448e-01,1.642439946873135992e-01
-1.141261601547475385e-01,-5.495164199575937047e-01,8.276514506513732439e-01,1.028356666420363330e-01,8.220850926277907256e-01,5.600008269149649998e-01,-9.881295690518633323e-01,1.490228327342707770e-01,-3.731152756498536116e-02
-1.321155037518186859e-01,3.727446172796601842e-01,-9.184807803963254136e-01,-5.561635700472170041e-02,-9.279308974150065614e-01,-3.685798020186452639e-01,-9.896728320520506994e-01,2.387448768058506900e-03,1.433247556650746879e-01
1.407880375666728523e-01,3.975609815671329872e-01,9.067105350736268665e-01,3.570049727244292148e-01,-8.746032572523931847e-01,3.280496789413659409e-01,9.234317397231669444e-01,2.775146993203806978e-01,-2.650649236186560231e-01
-3.706486549360195060e-01,6.537381061195648990e-02,-9.264695566936839155e-01,-4.318303441547260979e-01,8.710126369044738359e-01,2.342211352972357052e-01,-8.222786197277237585e-01,-4.868914162714180205e-01,2.946092671656517226e-01
-4.246379777043406412e-01,4.668250689930689701e-01,-7.757299419584008371e-01,1.611581636395527373e-01,-8.041583073365213830e-01,-5.721516084343268860e-01,-8.909043911573761854e-01,-3.679725148720711658e-01,2.662434865216957158e-01
-8.715835658154483245e-02,3.517725647839272107e-01,-9.320190360412934361e-01,1.182203468133361107e-01,-9.253157832009135664e-01,-3.602980029900446635e-01,9.891548768910453093e-01,1.415865954976577301e-01,-3.906232837458401691e-02
-4.586654080862045263e-02,-2.851921022130433081e-01,9.573723023304758772e-01,-1.496905637579045434e-01,-9.455976542803107288e-01,-2.888560391292077645e-01,9.876684643928304030e-01,-1.565584269685882934e-01,6.807268390112630133e-04
-2.745572193174286579e-02,8.868477215422106152e-02,-9.956812715528803315e-01,3.597267508088145549e-01,9.302028840478572258e-01,7.293325209794375430e-02,9.326536592356993172e-01,-3.561707535677277603e-01,-5.744167665778120158e-02
1.138305861624836490e-01,5.838029643890674247e-02,9.917834131712478518e-01,-2.041970912692452900e-01,-9.755842822795083302e-01,8.086319364429690737e-02,-9.722891265313443609e-01,2.117239928701537821e-01,9.913024398252139047e-02
-1.230043150767320265e-01,-7.677100866823617364e-01,6.288808800390305320e-01,2.490103250429654969e-01,5.895448426496840977e-01,7.683949092277723159e-01,-9.606580018375429075e-01,2.511137218698349938e-01,1.186511786463939067e-01
-2.138346590515649293e-01,-5.878737127467041912e-01,7.801789771903023807e-01,1.041545794672580072e-01,7.803789867882401365e-01,6.165715372569174901e-01,9.713014785144206131e-01,-2.131035777286837130e-01,1.056423352398804111e-01
-1.211657748759393735e-02,-6.831509769546429967e-01,7.301766438581175356e-01,-2.184680178296533049e-01,7.143968885528753088e-01,6.647622212577618539e-01,9.757688833609985402e-01,1.514656010844969147e-01,1.579026850707189455e-01
1.519476928973116647e-01,-7.485855561265946090e-01,6.453925656387906606e-01,6.248636765952893940e-02,6.589438803018861091e-01,7.495921667609736216e-01,-9.864113505429173978e-01,-7.357056321199476057e-02,1.469013946454132413e-01
-1.311687563914196997e-01,5.908973746215304690e-01,-7.960119659980687823e-01,-2.211117126580468273e-01,-8.001605583732895877e-01,-5.575416498784371289e-01,-9.663872763401605281e-01,1.028755242471569575e-01,2.356103958629984785e-01
5.185689764875830998e-02,-7.422076172797748006e-01,6.681606955052996621e-01,1.568183650556271569e-01,6.668124477400999561e-01,7.285390586098572374e-01,9.862651076396883321e-01,-6.700009246811775010e-02,-1.509706099270232693e-01
4.945652124479400502e-01,-2.985393773905974935e-01,8.162594506549731843e-01,7.050783514827754228e-01,-4.113318589474139197e-01,-5.776422942316438158e-01,5.082024880956962365e-01,8.612086518156325532e-01,7.063223856322782199e-03
7.829727316893465572e-01,-6.536137789413121180e-02,6.186126346193577819e-01,6.015119189476755279e-01,-1.739123362859213706e-01,-7.797037326135215496e-01,-1.585468788554585395e-01,-9.825896343679560996e-01,9.685296917410149420e-02
8.828456940941959985e-01,1.254984452996549815e-01,4.525854843526320170e-01,-4.609994119686104952e-01,4.731618419762586430e-02,8.861380935709577411e-01,-8.979433492115460047e-02,9.909648424340521400e-01,-9.962759896595775599e-02
-4.314752824956800681e-01,-1.773420092396134351e-01,-8.845218439101037999e-01,8.677047733831863008e-01,1.866698803508071436e-01,-4.606981463147516997e-01,-2.468147216907979336e-01,9.662836889488884973e-01,-7.333706858077837509e-02
-4.055295385166364786e-01,-1.136799002326506630e-01,-9.069854870247804346e-01,8.503433846175798561e-01,3.171093555571924960e-01,-4.199497408681437949e-01,3.353534279347725744e-01,-9.415511334501152074e-01,-3.193025949159526700e-02
-2.514035198014432093e-01,-8.860434652293208702e-02,-9.638182090045243067e-01,3.052201044586912437e-01,-9.522488403499610454e-01,7.926782851757492934e-03,9.184971192473443402e-01,2.921838733219161988e-01,-2.664425380920462105e-01
7.016083633125459462e-01,2.427545627361865910e-01,6.699372558685275925e-01,7.124183851057569461e-01,-2.200482887344757943e-01,-6.663623602727977158e-01,1.434395667853606213e-02,-9.448010229121216463e-01,3.273305332702905468e-01
-7.885993013421329634e-01,4.600832022748162220e-02,-6.131838031068213013e-01,6.032477804994185178e-01,-1.353849267179866589e-01,-7.859790308526625191e-01,-1.191774191918283377e-01,-9.897242828623590283e-01,7.901004156032552517e-02
5.869488914526451717e-01,-1.249085527028609699e-01,7.999305296612869709e-01,6.720989206751858402e-01,-4.757112683568889833e-01,-5.674344279170322469e-01,-4.514133800074614511e-01,-8.706874540384490491e-01,1.952672981589156087e-01
2.972447235373832375e-01,-8.592187637922264754e-02,9.509274449129428985e-01,8.569965347387427101e-01,-4.150839498503903768e-01,-3.053886933440478346e-01,4.209542894127233925e-01,9.057167028028534350e-01,-4.974676360284002036e-02
-1.176386680176474825e-01,1.754931204466898820e-01,-9.774268813895581332e-01,6.265930425382744140e-01,-7.504761106844669571e-01,-2.101589073404779573e-01,-7.704169668625308054e-01,-6.371716974001583322e-01,-2.167775824524205419e-02
-4.906952862002558063e-02,-3.418324817623616396e-02,-9.982102418354212858e-01,5.884120230272190666e-01,-8.085603027759437067e-01,-1.236095420930374529e-03,-8.070709216159531740e-01,-5.874195624245041047e-01,5.978950713110130905e-02
1.457894057229878471e-01,-1.203589648699894543e-01,9.819669896459674030e-01,2.174377507289085298e-01,-9.644034637563243528e-01,-1.504884834555711703e-01,-9.651250042025080189e-01,-2.354563200897979713e-01,1.144292252568353818e-01
1.862477487734647552e-01,-2.882447629026206881e-01,9.392692546528010888e-01,-7.295701037039660219e-01,-6.808782513736078013e-01,-6.428273942360503146e-02,6.580571706608787652e-01,-6.732902520203533081e-01,-3.371068030701379059e-01
-3.135306517843250984e-01,2.735086793821847259e-02,-9.491841024873530763e-01,9.463072055249083236e-01,-7.389518614048408429e-02,-3.147096665768340240e-01,-7.874771846431510847e-02,-9.968908824381378375e-01,-2.713917532946618413e-03
-1.983151460284079404e-01,6.979674227504813200e-02,-9.776499975060205516e-01,9.661933369972304231e-01,1.815799451846246693e-01,-1.830277548594889392e-01,1.647468919217831840e-01,-9.808960894378870865e-01,-1.034472006753837242e-01
-4.145680751736487146e-02,6.870408066780898937e-02,-9.967753419954066274e-01,4.992285958174323968e-01,-8.627479619058513460e-01,-8.022944188671911336e-02,-8.654779848318632229e-01,-5.009448108593308469e-01,1.467734474011845236e-03
-3.121318535024686369e-02,-2.933063583328524571e-01,-9.555088263442733654e-01,5.180257695226716530e-01,-8.223081566299992318e-01,2.354964918002288854e-01,8.547953200449418532e-01,4.876275994048037687e-01,-1.776071088891804373e-01
-2.778760312874705152e-01,-6.420988877796425520e-02,-9.584685709083249350e-01,7.333984187193807180e-01,-6.585840916553419300e-01,-1.685044617760027008e-01,-6.204125004026244117e-01,-7.497626853889366449e-01,2.300961645541564349e-01
-5.818583485821622603e-02,-2.202666053569021232e-01,-9.737027427230547927e-01,8.029229968092299607e-01,-5.899234362646761376e-01,8.546929589368897073e-02,5.932360995562714345e-01,7.768352218522432961e-01,-2.111823105116476529e-01
1.040128849912252268e-01,-3.041524920284320310e-01,-9.469279705176608664e-01,-5.715163092279234268e-03,9.518936658932918293e-01,-3.063752368306850715e-01,9.945595289708055731e-01,3.727882006077880978e-02,9.727092529756907469e-02
1.313292879880666453e-01,5.224594979450460919e-01,8.424895792373686687e-01,7.993120632291164096e-01,4.468906949859736688e-01,-4.017324138171660675e-01,5.863896688149958791e-01,-7.261713156975867500e-01,3.589183424751026252e-01
1.957011848723426428e-01,5.405850355692479736e-01,8.182107708641801480e-01,6.785604515740887299e-01,5.277128570305286148e-01,-5.109548454455100641e-01,-7.079948868453284083e-01,6.551999388303326732e-01,-2.635455944568202424e-01
-2.398538253973851453e-01,-2.121821950270863233e-01,9.473377742683587455e-01,-3.551241991506512985e-01,-8.890147706868619659e-01,-2.890320755179160428e-01,9.035247343708133760e-01,-4.057480173877296425e-01,1.378825615010017269e-01
-1.545286781331866033e-01,-2.406129433847194465e-01,9.582412530830382025e-01,7.907237765572598942e-01,5.513788732869605580e-01,2.659647481901045163e-01,5.923485433606079376e-01,-7.988033234586239262e-01,-1.050545268421237549e-01
4.116453809458798241e-01,5.405269346836593103e-01,7.337429476508847692e-01,-5.738443387584144517e-01,-4.717362904121310541e-01,6.694531702689290320e-01,7.079906462806125900e-01,-6.966315419141519971e-01,1.159902564419592469e-01
2.350661276251267140e-01,5.551285916531435438e-01,7.978572318231661464e-01,5.708763910706119438e-01,5.855054736819746974e-01,-5.755723120569999907e-01,7.866664234359577179e-01,-5.907754116562772273e-01,1.792773025813207965e-01
-3.674956173366680234e-01,-3.285683363703528759e-01,-8.700516189130157452e-01,6.421498982533085931e-01,5.870740643257835734e-01,-4.929376747310668661e-01,-6.727484518091489951e-01,7.398559936439145224e-01,4.757021922269622817e-03
4.481586327791924895e-01,4.677708539688255063e-01,7.618033000996786708e-01,-5.972978161353821314e-01,-4.773528453886753398e-01,6.444917220874438746e-01,-6.651234161457465488e-01,7.438579764824810869e-01,-6.546871098471605810e-02
-2.111235766064960828e-01,-4.358435638199542606e-01,-8.749098372275870839e-01,-5.661696392517353571e-01,-6.751168085241332495e-01,4.729368186531355822e-01,-7.967928055589111880e-01,5.951954995838852902e-01,-1.042283180553560396e-01
9.007484042826438553e-02,6.485893081876711319e-01,7.557899393525042697e-01,-2.664879251290713236e-01,-7.155078172848262641e-01,6.457807283937074816e-01,-9.596200857017452845e-01,2.595774888331868757e-01,-1.083919665327256199e-01
8.830821361095291238e-04,7.823381191016344216e-01,6.228533435460212875e-01,-1.460004077531531497e-01,-6.160785449333415764e-01,7.740355982826179204e-01,-9.892841356768306005e-01,9.162037913769013886e-02,-1.136776364322025085e-01
-7.964055276812453954e-02,5.782254709860364938e-01,8.119807184026994751e-01,-6.120299493131273194e-02,-8.158676795982502394e-01,5.749905414860362329e-01,9.949430012650097854e-01,-3.903087232332945813e-03,1.003652835587660608e-01
-1.121102899029037675e-01,-1.326763985484608055e-01,-9.847985865983446274e-01,9.838758613284240839e-01,1.241617472706418590e-01,-1.287328629758258125e-01,1.393541258561740437e-01,-9.833518362127113832e-01,1.166172964184573752e-01
5.915124908546385285e-01,8.390681720141551780e-02,8.019180875813125553e-01,7.763043779658586052e-01,2.094699960723127863e-01,-5.945366544600145797e-01,-2.178634570412916749e-01,9.742083795434082205e-01,5.876688960140521306e-02
5.381759758727312493e-01,7.906745091315216245e-02,8.391155803579917194e-01,-8.375302172769608644e-01,-6.132976502658282064e-02,5.429381134805241205e-01,9.439149401000111739e-02,-9.949809033985930196e-01,3.321517319960137077e-02
-4.277716776030894043e-03,-1.996688685897160531e-01,-9.798540932482174837e-01,9.462480783034006304e-01,3.160955850179144599e-01,-6.854309184231087426e-02,-3.234134744352887281e-01,9.274782606877022273e-01,-1.875841158131726638e-01
8.646742979954115393e-02,2.928742098620669143e-01,9.522332071407356713e-01,8.773653993375614135e-01,4.304227792231817840e-01,-2.120523217770411972e-01,-4.719675196759869906e-01,8.537920872926044735e-01,-2.197401466447012341e-01
-1.410683565432018782e-01,-2.089996493657452215e-01,-9.676873799668956888e-01,-7.209542878087233930e-01,-6.481922032148089707e-01,2.450954560609956978e-01,6.784722792217939835e-01,-7.322335790282543666e-01,5.923978452912356807e-02
-1.343015033702851246e-01,-1.991410348719414858e-01,-9.707244482460578583e-01,-1.343050169533210048e-01,-9.669022447122832542e-01,2.169382667754037874e-01,9.817969589551852616e-01,-1.595082988451706207e-01,-1.031107850123849090e-01
-8.767786494813446796e-02,-2.163605995946933647e-02,-9.959138882993682218e-01,3.282916817217367833e-01,9.432840164908689040e-01,-4.939469551649925544e-02,9.404983592279416715e-01,-3.312810666824834716e-01,-7.560219009569364712e-02
1.513231503565977409e-01,8.851829753956791391e-02,9.845129837472186285e-01,-6.228581710907366009e-01,-7.648440302436705363e-01,1.645032160965929080e-01,-7.675604229450979643e-01,6.381051013754054368e-01,6.060426327434841748e-02
-2.881883393735777954e-01,-1.378503462573885952e-01,-9.475994739792851229e-01,5.352748237028470690e-01,-8.437279333155737193e-01,-4.005043886047461588e-02,7.939951789267900573e-01,5.187682108415557769e-01,-3.169403717756161254e-01
3.414542708146200423e-01,3.345270006487757828e-03,9.398924353940931731e-01,3.816687466527350359e-01,-9.143276988510617986e-01,-1.354024628367300198e-01,8.589167298236695114e-01,4.049613170196697531e-01,-3.134778827073899099e-01
3.762791449589913406e-01,2.376252270999693328e-01,8.955156372250675512e-01,-3.642729836543862620e-01,-8.507681608352936076e-01,3.788122620619124303e-01,8.518915414819315801e-01,-4.687513071497722006e-01,-2.335658656501810593e-01
6.285812532417186516e-01,3.979551711945206738e-01,6.682194922273744231e-01,5.793878771514601178e-01,3.335622340355763882e-01,-7.436705748079052158e-01,5.188403375634890180e-01,-8.546156549845872474e-01,2.089943473564905702e-02
9.326117288165959307e-01,1.613795158653642814e-01,3.227878794700645981e-01,3.486298749094191574e-01,-1.718085132464806097e-01,-9.213788824889994622e-01,9.323397231890907799e-02,-9.718222505350938567e-01,2.164923549932936953e-01
9.907176994370529011e-01,1.291377058109032805e-01,-4.244870975718278983e-02,1.546009410858605916e-03,3.015468470706623716e-01,9.534501082262479832e-01,1.359266341709912396e-01,-9.446655238546811661e-01,2.985481504938631847e-01
1.923982756442441794e-02,1.150931396387626093e-01,-9.931683634930099647e-01,-9.675784428035961726e-01,2.523523589078572327e-01,1.049971311075801987e-02,-2.518368242673405533e-01,-9.607662859206352879e-01,-1.162168566999136482e-01
-3.062978733917161578e-01,2.308410596216227406e-01,-9.235226136638335914e-01,9.438614889955753151e-01,1.997356113111796172e-01,-2.631181771850902851e-01,1.237218749727280465e-01,-9.522699673763295181e-01,-2.790605792409901476e-01
-2.550078214830635015e-01,2.012439718477870843e-01,-9.457652323792563598e-01,-7.252519445820568844e-01,-6.867068356992149791e-01,4.943013942845308345e-02,-6.395159324539203549e-01,6.985231460724102837e-01,3.210681960872091012e-01
-1.492759274134986269e-01,2.560124484380535415e-01,-9.550781767685788681e-01,-7.046141828335191759e-01,-7.051905079278129040e-01,-7.889994219494680938e-02,-6.937114319691527475e-01,6.611837670218975171e-01,2.856579692255079572e-01
-1.374669882279203614e-01,1.306556461145916004e-01,-9.818512765617427585e-01,8.391034581303261630e-01,5.420784920943149121e-01,-4.534638863771207895e-02,-5.263156977530436542e-01,8.301084330056721639e-01,1.841515021703438448e-01
4.370437957399801454e-01,2.158152713971399628e-01,-8.731646403954808067e-01,8.779625205640350094e-01,1.085195200667059545e-01,4.662674406918609349e-01,-1.953830419714992772e-01,9.703851206589428902e-01,1.420499366902101823e-01
8.333402639412739177e-01,-2.053961200032511925e-01,5.131826559636425422e-01,-5.238877559315495702e-01,2.646605640044831162e-03,8.517831969835933936e-01,-1.763111558560415681e-01,-9.786753442108349077e-01,-1.053989893429269908e-01
1.493198423692844966e-02,-1.307794362208870853e-01,9.912990340500157371e-01,9.579903560364434467e-01,-2.821115254566373132e-01,-5.164847476641025448e-02,-2.864114410911610675e-01,-9.504261287792314938e-01,-1.210729538163186902e-01
3.201671790122626038e-01,-1.360629557740070453e-02,-9.472633457513227606e-01,9.473423131657647822e-01,-1.692045773693889648e-03,3.202181735424107778e-01,-5.959796059227099631e-03,-9.999059984327327566e-01,1.234808200378852659e-02
-5.785024778275122959e-01,-3.728334015237685234e-02,8.148281019297939354e-01,8.052399309961593143e-01,1.332164771382900459e-01,5.777906400662474740e-01,-1.300904941828161521e-01,9.903854415155474156e-01,-4.704402786034653922e-02
2.882017097362569169e-01,2.776826210984735255e-01,-9.164235573385152156e-01,-6.755313781632056591e-02,9.605420844480598852e-01,2.698063705240204557e-01,-9.551839341594200450e-01,1.585137041574514669e-02,-2.955882033838213574e-01
1.599363313709821766e-01,9.544813585030849368e-02,-9.825019202374583038e-01,9.063052239075992944e-02,-9.925302345745818933e-01,-8.166909982670218782e-02,9.829580246982927427e-01,7.598280606839230567e-02,1.673921589059766402e-01
-1.205564957446525198e-01,-5.022077267990261024e-02,9.914353258408754588e-01,7.248832378773501471e-03,-9.987374271567888151e-01,-4.970921469287715999e-02,-9.926800016938560622e-01,-1.193979761823343736e-03,-1.207683263501417303e-01
3.019833404323682968e-01,1.524857444157529107e-01,-9.410388726568537088e-01,-6.933278422284500087e-01,-6.423713821525037782e-01,-3.265815527281404340e-01,6.542954724680198897e-01,-7.510706392487029870e-01,8.826284363419772960e-02
-4.160251134313370236e-01,-7.221481791121727722e-01,5.526527955230267075e-01,8.372123062106875957e-02,5.747445969121981468e-01,8.140389449304796798e-01,9.054909500032217728e-01,-3.849294165495903419e-01,1.786490518784102088e-01
-2.874546851309149331e-01,-5.526846320743286078e-01,7.822464454793968125e-01,-2.195739255147787228e-01,-7.569393136216289175e-01,-6.154918088228698014e-01,-9.322859514281640614e-01,3.486869268597285743e-01,-9.623061782406455711e-02
1.112841077569379639e-01,3.995521305117393646e-02,-9.929851098132225218e-01,-5.512395622060783928e-01,-8.289059686001652993e-01,-9.513064846763515103e-02,8.268922495824914121e-01,-5.579592065456551175e-01,7.021916697989011302e-02
2.980883901052527318e-01,4.711743986804189377e-01,-8.301433597352954052e-01,-5.356715942985355028e-01,-6.372537137832008369e-01,-5.540430013376071994e-01,7.900628169621222163e-01,-6.098380033235579756e-01,-6.243680770356600795e-02
9.476040124121089259e-02,3.713382636954409288e-01,-9.236494791165422713e-01,-6.566472498817241821e-01,-6.740404128345924839e-01,-3.383547119348865873e-01,7.482211274612422525e-01,-6.385745185813687108e-01,-1.799659096584684537e-01
-4.126765154626315518e-02,3.407288822454703214e-01,-9.392554549959284405e-01,-6.553747200861915756e-01,-7.188030341820651481e-01,-2.319615794104760986e-01,7.541756805995551982e-01,-6.059917712761526687e-01,-2.529684089719281825e-01
5.320319351621900783e-02,4.665508524256677947e-01,-8.828928147292616213e-01,-1.239888475631745063e-01,-8.742167879697383404e-01,-4.694377203760142225e-01,-9.908562892163682578e-01,1.344444485010663215e-01,1.133597757639383079e-02
-2.099315773227702353e-01,-5.705539076439146706e-01,7.939754223620737461e-01,3.244520004049579187e-01,7.254004888838623266e-01,6.070626245786142627e-01,-9.223121121811181933e-01,3.850485283692354210e-01,3.283288785183583608e-02
-1.985796738488438407e-01,-8.291994214404924124e-01,5.224886913769899444e-01,-3.793477882454956984e-01,-4.265247755846827693e-01,-8.210796985467896381e-01,-9.036931828266370204e-01,3.612546681984729058e-01,2.298558157138377855e-01
-2.287537252649192165e-01,5.018071510256473244e-01,-8.341830232970134373e-01,3.973492018399290004e-01,-7.341419096860893889e-01,-5.505899274774596064e-01,-8.886986806418661899e-01,-4.574114554992976256e-01,-3.145497422381485220e-02
-3.165510284701475441e-01,1.148249344155833074e-01,-9.416000641519460812e-01,-6.657679993737380952e-01,6.801817942741956724e-01,3.067665199265168785e-01,-6.756836666550272152e-01,-7.239944483035714029e-01,1.388654796600834740e-01
3.608586447901100391e-01,-7.609329912774626115e-02,9.295110802503115943e-01,5.284709633765791725e-01,-8.045265232197029714e-01,-2.710267778354161217e-01,-7.684396393654323587e-01,-5.890219718006048932e-01,2.501072517702187525e-01
5.430737480858002231e-01,-6.683211884696235727e-02,8.370211299784886538e-01,8.188205131583765617e-01,-1.786837860681780854e-01,-5.455319164149736721e-01,-1.860211583962775583e-01,-9.816341337213000395e-01,4.231496357247548773e-02
-4.718523198332200130e-01,-7.515279494728525217e-03,-8.816455687191563362e-01,8.030889136945643658e-01,-4.163538173895091066e-01,-4.262601265026647601e-01,3.638730341326396611e-01,9.091716115889777461e-01,-2.024929522521889957e-01
-4.021549543271292215e-01,-3.073083930900680563e-02,-9.150557405019152934e-01,8.731950250045388273e-01,-3.134137806354926892e-01,-3.732321669083331628e-01,2.753213413767032214e-01,9.491192852445530237e-01,-1.528749206357979951e-01
4.264199922974567514e-01,9.056342355238182484e-02,8.999801422717660371e-01,8.253901087918952273e-01,-4.459537077782757541e-01,-3.462029156828568821e-01,3.699961600848583609e-01,8.904625521790794362e-01,-2.649137306543012937e-01
4.132070233562074590e-01,2.002808377741428780e-01,8.883397671328185918e-01,-8.126942651895402436e-01,5.212121594935209545e-01,2.605108752511773873e-01,4.108381520466867221e-01,8.295935576031122638e-01,-3.781356132477809440e-01
-3.148576074101935296e-01,-1.856305566256792883e-01,-9.308093164030801780e-01,-9.311322984782489653e-01,2.505307956221193844e-01,2.650037040789454124e-01,-1.840036135149032137e-01,-9.501450504485033921e-01,2.517281337508184835e-01
1.888408785746500951e-02,-2.330929918921564592e-01,-9.722710776098164587e-01,-9.839922574264200472e-01,-1.766883800790984560e-01,2.324765944953941649e-02,-1.772078681962210855e-01,9.562682016441765853e-01,-2.326982981750483348e-01
-2.403186971679616424e-01,-1.280834493348385894e-01,-9.622066066069094870e-01,-9.696581919683588957e-01,-1.410544617351813974e-02,2.440574258999294588e-01,-4.483207044234203964e-02,9.916630810889031089e-01,-1.208073634556975362e-01
4.529430788070168967e-01,1.195602728141794135e-01,8.834862242986131209e-01,7.930947652689448457e-01,-5.066901848884720616e-01,-3.380321727893413342e-01,-4.072385795376189943e-01,-8.537976327574845481e-01,3.243244388477335427e-01
-4.563156548950265678e-01,-2.828152179635705643e-01,-8.436774120396615118e-01,8.861940596728844488e-01,-5.895817656531148615e-02,-4.595476275823713874e-01,8.022538063615075599e-02,-9.573606874654460031e-01,2.775327050952251517e-01
3.612631023551101661e-01,1.891349363409504103e-01,9.130810187119570154e-01,9.095769945476196439e-01,1.441420730657375915e-01,-3.897342091246682738e-01,2.053257457468019020e-01,-9.713140782607937451e-01,1.199595744653319251e-01
-1.889560658191861281e-02,-2.063184777419158900e-01,-9.783024285946345655e-01,9.076611692475925475e-01,4.067875340506795778e-01,-1.033203947972547443e-01,-4.192781390580658241e-01,8.899194277479426374e-01,-1.795807735387602855e-01
-4.894461380472888146e-01,-1.663027770882180290e-01,8.560291258382163315e-01,-7.161869496292585513e-01,-4.833900066124529049e-01,-5.033988028272923243e-01,4.975125436924507372e-01,-8.594634883693194061e-01,1.174894932694329347e-01
-5.478421770079708875e-01,-1.641611943968789566e-01,8.203170431883988201e-01,-7.609493902957596978e-01,5.052043307858223864e-01,-4.070928758450099716e-01,3.475988701070221731e-01,8.472424012107984126e-01,4.016906011980892477e-01
-6.139588349664807376e-01,8.463817882517601920e-02,7.847871862178684710e-01,-6.818386141152760205e-01,4.440447743007722159e-01,-5.813091627675728290e-01,-3.976815978492867498e-01,-8.919981037543374125e-01,-2.149156337512567461e-01
-6.374941774845009901e-01,-7.023100260736847567e-02,7.672475349886264118e-01,-7.676699386147108894e-01,1.425002757735897851e-01,-6.248011977835329356e-01,6.545257077186393546e-02,9.872999937593509578e-01,1.447573255560475614e-01
-7.292554106109746526e-01,7.644965556889633806e-02,6.799573488521288844e-01,-6.712067231715483917e-01,1.131176744455543171e-01,-7.325885110328591576e-01,1.329213333665099639e-01,9.906360794416013693e-01,3.117815332315895804e-02
-3.932228402417034530e-01,6.218593370294082240e-02,9.173378372016174342e-01,-8.074077504167757047e-01,4.539378643600959773e-01,-3.768728431011139635e-01,-4.398505683515362419e-01,-8.888606892813343263e-01,-1.282893314782720395e-01
2.088064043412891091e-01,1.393946962166646431e-02,-9.778576464356806275e-01,-9.776253175830968978e-01,-2.306425099359924943e-02,-2.090855775673042538e-01,2.546809625023077964e-02,-9.996367997991926213e-01,-8.811615097023066737e-03
-2.708744414748664453e-01,-2.169498639274262397e-01,9.378484917605566240e-01,-8.473363726898082149e-01,-4.085741584383633107e-01,-3.392465601494903393e-01,4.567801533260369418e-01,-8.865663616437604588e-01,-7.315721378775727479e-02
9.753638858604674056e-02,3.406796438326055720e-01,-9.351064287981768475e-01,-9.221948122648111479e-01,-3.223624379757440983e-01,-2.136332998720085474e-01,-3.742237046653522081e-01,8.831873181043891075e-01,2.827309321707049961e-01
-1.872334161127776064e-01,-2.689530933330150364e-01,9.447792765918089364e-01,-8.539823451099997076e-01,-4.307353189257876469e-01,-2.918582520168396255e-01,4.854459827119435578e-01,-8.614704397810190040e-01,-1.490331481662149626e-01
-2.753639280350302920e-01,-3.727885125678871980e-01,8.861170532353729312e-01,7.576470180111989361e-01,4.832080494415397220e-01,4.387265401746741622e-01,-5.917311072065220001e-01,7.921734064283679766e-01,1.493840383435224572e-01
4.253318676277672017e-01,2.276569028673248729e-01,-8.759367197218833612e-01,8.748538337168294543e-01,1.444473412779083143e-01,4.623480671839240719e-01,-2.317834593133043797e-01,9.629679642514600291e-01,1.377284568059806424e-01
